3.004
3.024
3.007
3.017
2.983
3.061
3.013
2.962
3.003
3.021
2.968
3.015
2.981
2.9
2.911
3.047
3.013
3.021
3.085
3.025
3.064
3.031
2.993
3.005
3.013
3.04
3.1
2.972
3.043
2.953
2.979
2.961
3.1
3.036
3.03
2.965
2.99
3.066
3.022
3.055
3.009
3.002
3.059
2.918
3.065
2.948
2.978
2.957
3.013
3.003
2.874
3.028
2.965
3.017
2.989
2.932
3.009
2.966
3.08
3.009
3.067
3.04
2.955
2.946
2.978
3.025
3.113
3.025
3.006
3.007
2.977
2.986
3.001
3.127
3.067
3.003
3.042
3.065
2.911
2.984
2.955
3.033
2.984
3.041
3.018
3.096
2.963
2.895
3.036
3.066
2.993
2.99
2.957
3.046
3.016
2.978
2.974
3.045
2.996
3.021
3.017
2.999
2.98
2.932
3.057
3.048
2.978
2.965
2.961
2.961
3.142
3.064
3.032
2.987
3.051
3.007
3.001
3.045
3.049
2.899
2.923
3.025
2.952
3.06
2.963
3.004
3.133
3.012
2.943
3.004
3.014
2.989
3.046
3.036
2.919
2.995
2.953
3.037
2.961
2.958
3.024
2.95
3.036
3.074
3.035
3.034
3.065
2.946
2.987
2.977
3.02
3.003
3.029
2.975
2.991
2.975
2.962
2.889
2.97
2.922
3.081
3.046
2.991
3.092
3.023
3.002
2.942
3.015
3.003
2.979
2.975
2.977
2.926
2.998
3.07
3.012
2.945
3.043
3.02
2.986
3.016
3.02
2.88
2.976
3.009
2.998
3.014
2.927
3
2.953
2.976
3.033
2.976
2.96
3.047
3.012
3.096
2.925
3.081
2.965
2.974
2.991
3.004
2.959
3.073
2.971
2.938
3.068
2.965
2.978
2.996
3.009
2.988
3.018
3.025
3.007
2.995
3.031
2.976
3.041
3.038
2.995
2.989
3.018
2.994
2.919
3.09
3.023
3.058
3.023
2.963
3.04
3.089
2.962
2.991
2.988
3.006
2.966
3.019
2.918
2.99
3.054
2.978
2.991
2.964
2.988
2.927
3.057
3.003
2.995
3.026
2.996
2.995
2.997
2.97
2.991
3.037
3.058
3.046
2.975
2.995
3.036
3.007
3.034
2.943
2.969
2.981
2.999
2.955
3.035
2.971
3.047
3.053
2.9
3.033
2.936
3.031
3.012
2.997
2.915
2.948
2.973
2.976
3.044
2.957
2.981
2.962
3.016
3.051
3.026
3
3.052
2.934
3.061
2.995
3.017
2.982
2.997
3.052
3.068
3.062
3.006
3.004
2.995
2.976
3.076
3.045
2.943
2.978
3.079
3.027
2.965
3.005
2.932
2.975
3.017
2.927
3
2.892
2.982
3.004
3.047
2.984
3.002
2.973
3.027
2.991
3.034
3.012
2.909
3.065
2.945
3.018
3.1
2.862
2.992
3.027
3.002
3.046
3.039
2.978
3.014
3.032
3.009
3.103
3.004
2.957
2.992
3.006
3.005
3.046
3.017
3.042
2.965
3.04
3.025
2.992
3.005
2.977
2.946
3.029
2.904
2.99
2.962
3.026
2.955
2.983
2.972
3.005
3.015
3.012
3.017
3.034
2.976
3.018
3.087
2.969
3.044
2.992
2.941
2.981
2.993
3.026
3.032
3.065
2.919
2.94
2.978
2.994
3.023
3.058
2.97
3.017
3.057
3.069
3.005
2.953
3.024
2.907
2.929
2.901
2.945
2.971
3.015
3.042
3.064
2.972
3.103
3.032
3.013
2.964
3.041
2.98
2.943
3.02
3.01
3.041
2.982
2.953
2.936
2.97
3.071
2.977
2.986
3.01
3.01
3.009
3.086
3.014
2.979
2.934
3.019
2.922
2.997
2.957
3.03
2.979
3.007
3.008
2.962
3.034
2.948
3.054
2.937
3.029
3.006
2.969
3.073
3.011
2.995
2.949
2.991
3.037
2.981
2.963
3.06
3
3.032
3.058
3.037
3.008
2.992
2.997
2.956
2.955
2.961
2.996
3.101
2.994
3.028
2.906
3.031
2.979
3.029
3.002
2.927
2.981
2.959
3.011
3.031
3.085
3.007
2.982
3.036
3.006
2.961
2.96
2.982
3.019
2.942
2.988
2.905
3.014
3.033
2.927
3.014
2.968
2.981
3.057
2.928
2.979
2.928
3.027
2.964
2.923
3.02
3.016
2.986
3.075
2.982
3.021
3.017
2.987
2.983
3.006
2.914
3.052
2.939
2.988
2.96
2.98
2.95
3.065
2.965
3
3.033
2.93
2.994
2.96
3.027
3.071
3.094
3.023
3.005
2.962
2.995
2.939
3.008
2.958
2.982
3.024
3.072
3.022
2.995
3.025
3.032
3.051
2.988
2.936
3.011
3.089
3.025
3.019
2.932
3.069
3.07
2.956
2.991
2.945
2.969
3.059
3.003
3.052
3.079
2.955
2.962
2.951
3.013
2.893
2.963
3.061
3.014
3.053
3.045
3.005
3
2.963
2.974
2.972
2.986
2.981
3.015
2.993
3.107
2.994
2.974
2.958
2.963
3.042
2.943
2.921
2.956
2.99
3.016
2.989
2.997
3.009
3.081
3.021
3.012
2.974
3.067
2.937
3.067
2.985
3.033
2.954
3.055
3.044
2.941
3.018
2.987
3.021
2.953
3.004
2.97
3.028
2.978
3.013
3.094
3.018
3.01
2.958
3.047
3.05
2.978
2.922
3.009
3.021
2.978
2.97
2.948
2.991
3.018
2.943
3.015
3.087
3.012
3.087
3.044
2.968
3.05
3.012
3.002
2.986
3.024
3.091
3.016
2.984
2.979
2.921
3.03
2.933
3.099
3.017
2.958
2.923
2.991
3.018
2.98
2.973
2.97
2.956
2.989
2.957
2.948
2.966
2.942
3.057
2.978
3.011
2.931
3.065
2.994
2.971
3.036
2.954
3.044
3.017
2.961
2.912
2.974
3.029
3.017
2.996
2.992
2.996
2.984
2.92
2.953
2.994
2.992
3.021
3.074
3.013
3.021
2.912
3.014
2.988
3.043
3.099
2.96
3.014
3.087
3.059
2.951
2.968
3.037
2.982
3.005
3.001
2.987
2.973
2.956
2.962
3.04
3.054
2.991
3
2.972
2.989
2.994
3.039
2.966
2.974
2.994
3.004
3.005
2.998
3.026
3.023
2.921
2.91
3.048
3.019
3.008
3.003
3.023
2.846
3.028
2.972
3.007
2.968
2.964
3.013
3.029
2.987
2.922
2.963
2.99
3.034
3.009
2.986
2.993
3.013
3.061
3.079
3.015
3.014
3.039
3.002
2.951
2.995
2.944
3.075
3.007
2.995
2.912
2.963
2.983
3.057
3.086
3.086
2.973
3.019
2.991
3.047
2.978
2.952
3.032
2.946
3.002
3.047
3.026
2.925
2.977
2.969
3.013
3.008
2.979
3.104
2.974
3.059
3.016
2.96
2.952
2.961
2.938
2.992
2.89
2.911
2.977
2.923
3.026
3.001
3.015
2.999
2.956
2.97
3.104
3.039
2.957
3.059
2.992
2.995
2.999
3.016
3.007
3
2.935
3.012
2.964
3.006
3
2.944
2.982
2.911
3.026
3.049
2.912
3.002
3
2.993
3.032
3.12
3.008
3.016
3.041
3.04
3.015
3.032
3.04
2.985
2.965
2.962
2.978
3.016
3
3.012
2.963
3.036
3.003
3.05
2.969
3.002
2.989
3.028
2.925
2.997
2.989
2.972
3.014
3.038
3.042
2.995
2.989
2.963
2.943
2.918
3.069
2.98
3.001
2.935
2.932
3.056
2.977
2.897
2.993
2.975
2.945
2.936
2.992
2.954
2.975
2.915
3.02
2.979
2.964
2.984
3.012
3.059
2.988
2.883
3.036
2.978
2.906
2.992
3.039
2.993
3.018
3.013
2.991
3.015
3.014
3.042
2.982
2.966
3.05
2.966
3.026
2.981
2.99
3.064
2.964
2.969
3.099
2.938
3.064
3.002
3.01
2.944
3.11
2.992
2.926
3.02
2.955
3.024
3.078
3.022
2.957
2.966
3.007
3.056
3.032
2.981
3.015
3.081
3.017
3.034
3.007
2.928
3.017
2.959
2.997
3.066
2.989
3.066
2.962
2.989
3.032
3.034
3.023
3.071
2.925
3.028
3.006
3.026
3.094
2.976
2.998
3.062
3.009
2.971
3.034
3.067
3.023
2.997
3.023
2.971
3.016
3.035
3.024
3.028
3.038
3.047
3.107
2.978
3.022
2.957
3.047
2.918
3.044
3.023
2.979
3.042
3.03
2.944
2.976
3.053
3.014
3.035
3.059
3.029
2.925
2.974
2.995
3.028
2.873
2.977
2.98
