3.041
3.037
3.03
2.946
3.067
2.978
3.051
3.008
3.026
3.017
3.028
3.042
2.98
2.988
2.965
2.984
3.026
3.05
2.973
2.973
3.043
2.941
2.973
2.987
3.018
2.996
3.037
2.988
3.041
2.995
3.023
3.032
3.047
3.026
2.948
3.009
3.027
2.989
2.982
2.973
2.926
3.03
2.987
2.946
3.001
2.943
2.978
3.013
3.081
3.028
2.976
2.973
3.145
2.916
3.024
2.987
2.966
2.985
3.088
2.962
2.965
2.969
3.015
3.064
3.088
3.026
2.938
3.073
2.977
2.937
3.045
2.974
2.952
2.977
3.054
3.023
3.074
3.032
2.981
3.064
3.014
3.004
2.967
3.094
2.983
2.95
3.014
3.014
2.995
2.971
2.991
2.954
3.052
2.958
2.987
3.01
3.049
2.966
2.932
2.922
2.976
3.035
3.035
2.985
2.931
3.022
3.088
3.041
2.996
2.972
2.986
2.98
3.023
3.077
3.037
2.964
2.92
2.99
2.991
2.926
2.996
2.93
2.964
3.038
3.023
3.027
3.023
2.947
3.024
2.993
2.986
3.069
3.067
3.035
3.041
3.008
3.012
2.991
2.937
3.042
3.077
2.996
2.977
3.024
2.94
3.016
2.988
2.885
2.986
2.993
3.159
3.09
2.98
2.937
2.982
3.069
3.047
3.166
3.011
3.073
2.991
2.913
3.046
3.006
2.953
3.033
3.061
3.011
3.001
3.039
3
3.005
3.121
2.971
3.023
3.015
2.996
2.992
2.962
3.002
2.976
2.994
3.036
3.012
2.915
2.918
2.968
2.958
3.007
2.911
2.984
2.99
3.018
3.053
3.059
3.013
2.916
3.045
2.991
3.011
2.947
2.924
3.035
3.054
2.957
2.959
3.033
3.015
3.044
2.995
2.927
2.972
3
3.04
2.964
3.082
3.059
2.988
2.991
2.948
2.977
2.994
3.096
2.998
3.024
3.033
3.02
3.016
2.967
3.043
3.036
3.057
3.022
2.952
2.962
2.961
2.939
2.997
3.019
2.992
2.937
3.009
2.986
3.05
2.965
2.888
3.025
3.013
2.979
3.028
3
3.058
3.015
2.991
3.013
3.028
3.083
3.067
2.967
3.059
3.059
2.985
3.037
3.021
2.961
3.03
2.959
3.015
3.034
3.028
2.958
3.035
3.031
2.986
3.069
2.942
2.958
3.046
3.051
3.007
3.017
2.968
3.05
2.988
2.971
2.922
2.99
2.939
2.974
2.951
2.985
3.012
2.875
2.984
2.977
2.969
2.991
3.003
3.001
3.026
3.112
2.973
2.889
2.968
3.024
3.04
3.038
2.971
2.964
2.978
3.042
2.944
2.941
2.905
3.06
3.045
3.099
3.004
2.975
3.034
2.941
3.08
2.979
3.126
3.018
3.033
3.034
2.962
2.966
2.996
3.011
3.03
2.953
3.019
2.976
3.051
3.066
3.024
3.027
3.018
3.053
2.964
2.969
2.917
2.956
2.982
3.077
2.99
2.956
2.997
3.002
2.966
2.966
2.927
2.965
3.036
2.907
3.02
2.981
3.069
3.013
2.996
3.075
3.074
3.147
2.972
2.967
2.999
2.966
2.969
2.99
3.042
2.946
2.984
2.953
2.947
3.123
2.939
2.942
2.972
3.032
3.032
3.014
2.955
2.992
2.92
2.979
3.083
3.023
2.98
3.101
3.059
3.033
3.006
3.008
2.926
3.001
3.013
2.959
3.016
3.084
2.994
2.989
3.052
2.998
2.957
3.032
2.944
2.966
3.06
3.009
3.004
2.96
2.995
2.979
2.97
2.998
2.967
3.032
2.93
2.953
2.957
3.008
2.995
3
3.013
3.008
2.985
2.917
2.979
3.003
3.005
2.958
2.973
2.98
3.031
2.996
2.984
3.001
3.015
3.026
3.019
2.958
2.928
3.073
2.98
3.084
3.08
3.032
3.031
2.943
3.068
2.974
3.037
2.968
3
2.989
2.917
2.949
3.025
2.929
3.024
2.974
3.017
2.995
3.053
2.974
2.971
2.999
2.888
2.971
3.055
2.957
3.046
3.022
3.008
2.983
3.018
3.014
3.082
3.062
3.049
2.948
3.051
2.95
3.027
2.978
3.002
2.972
3.028
2.991
3.012
2.994
3.061
3.014
2.925
3.003
3.018
3.057
2.984
3.12
3.016
2.998
2.9
2.979
3.004
3.089
2.994
3.049
2.983
3.007
3.055
3.007
3.038
3.05
2.985
2.931
2.973
3.019
2.958
3.025
2.992
3.056
2.912
3.025
2.895
2.988
3.002
2.93
2.996
3.025
3.05
2.993
2.974
2.99
3.027
2.944
3.037
2.964
2.966
3.005
3.021
3.043
3.09
3.056
2.92
2.957
3.025
3.013
2.987
3.02
3.032
2.958
3.099
3.023
2.987
2.971
2.959
3.043
3.03
2.965
3.059
3.051
2.991
3.054
3.048
2.906
2.991
2.965
3.029
3.052
2.95
3.036
3.026
2.977
3.018
2.976
2.948
3.021
3.06
2.976
2.939
3.015
3.03
2.998
3.008
2.973
3.003
2.984
3.018
3.042
2.98
2.997
2.974
3.002
3.073
2.988
2.923
3.05
3.036
2.956
3.024
3.073
3.059
3.046
2.988
3.009
3.021
2.96
3.03
2.972
3.005
3.016
3.001
2.983
2.938
2.937
3.037
3.101
3.036
3.022
3.06
3.072
2.982
3.057
3.034
2.976
3.022
2.946
2.925
2.936
3.034
3.045
3.037
2.888
3.045
2.986
3.015
2.993
3.056
3.029
3.065
3.059
3.002
2.948
2.975
3.018
3.01
3.071
3.011
2.968
2.943
2.985
2.96
3.026
3.032
3.045
2.991
3.08
3.018
3.032
3.062
3.005
2.987
3.052
2.972
3.022
2.939
2.974
2.989
2.955
3.039
2.991
3.018
2.996
2.922
3.089
3.003
3.001
2.961
2.977
2.97
3.053
2.992
3.052
2.95
2.951
2.959
3.045
3.035
2.954
3.018
3.006
2.889
3.027
3.013
2.922
3.004
2.961
3.049
2.992
3.027
2.926
2.908
2.942
2.974
2.977
3.046
2.908
2.992
3.001
2.978
3.057
2.984
2.923
3.054
2.966
2.896
2.975
2.973
2.993
3.016
3.018
2.959
3.008
2.99
3.035
2.998
3.066
2.91
2.979
3.04
3.027
2.954
3.004
3.026
3.005
2.955
2.926
3.022
2.965
2.985
3.038
3.007
3.008
2.964
3.029
2.935
3.019
2.887
3.005
3.041
2.974
2.999
3.002
2.988
3.047
2.952
3.058
2.922
2.989
3.043
2.998
3.019
2.987
3.093
2.964
3.015
3.021
3.016
3.007
3.028
2.957
3.044
2.927
2.925
2.951
3.047
2.966
2.956
3.033
2.943
3.032
2.908
3.069
3
2.953
2.962
3.034
3.065
2.927
2.957
2.976
3.083
3.056
3.008
2.988
2.968
2.911
3.007
2.943
3.018
3.027
3.027
3.044
2.961
2.972
2.998
3.029
3.033
3.032
2.907
3.029
2.986
2.984
3.057
3.044
2.993
2.934
3.037
2.944
2.986
2.934
2.982
3.067
3.004
2.934
2.972
2.976
2.974
2.897
3.012
2.898
3.076
3.015
3.047
2.996
2.96
3.003
2.989
2.972
2.975
3.047
2.965
3.11
2.971
2.963
2.933
2.978
2.985
2.965
2.984
3.065
3.065
3.038
2.976
2.999
2.963
2.958
2.905
3.004
2.989
3.008
3.016
3.088
2.944
2.99
2.912
2.946
3.076
3.051
3.053
3.004
3.001
2.966
3.102
3.013
3.013
2.922
2.954
3.026
2.976
2.954
3.002
3.061
2.979
2.989
2.988
3.047
2.944
2.933
2.955
2.975
3.022
3.01
3.06
3.019
3.011
3.044
3.042
3.031
2.986
2.999
3.04
2.91
2.979
2.989
3.008
2.969
3.094
3.009
2.944
2.956
3.046
3.006
3
2.963
3.039
2.973
2.969
3.06
2.976
2.999
2.971
3.028
2.993
2.957
2.999
3.142
3.033
2.955
2.953
2.996
2.896
3.05
3.013
3.058
2.937
2.965
3.08
2.995
2.96
3.002
2.932
3.063
3
2.987
3.088
2.97
3.064
2.952
2.978
3.027
2.988
2.986
2.944
3.045
3.011
2.982
3
2.914
2.995
2.942
3.017
3.07
3.047
2.988
3
3.023
3.073
3.004
2.996
2.904
3.039
2.931
2.998
2.998
3.01
2.961
2.94
3.019
3.03
2.93
2.991
3.017
3.036
3.006
2.958
3.03
3.034
3.006
3.013
2.983
2.953
3.014
2.993
2.893
3.047
2.993
2.96
